S 60 2824 1067 4 2 0.03 0.02 -1.01 -1.70 0.24 -1.22 315 43 411 1 184 0.15 -0.04 -1.03 4.82 31.00 2.13
60 2824 1067 4 2 0.03 0.02 -1.01 -1.70 0.24 -1.22 343 47 412 2 185 0.09 -0.15 -0.84 -3.66 4.88 3.23
60 2824 1067 4 2 0.03 0.02 -1.01 -1.70 0.24 -1.22 25 55 412 2 182 0.05 -0.11 -0.93 0.54 -11.35 6.65
60 2824 1067 4 2 0.03 0.02 -1.01 -1.70 0.24 -1.22 44 46 412 2 184 0.18 -0.04 -1.06 4.33 10.55 -1.34
60 2824 1067 4 2 0.03 0.02 -1.01 -1.70 0.24 -1.22 0 583 413 4 170 0.07 -0.05 -0.99 4.94 3.84 4.27
60 2824 1067 4 2 0.03 0.02 -1.01 -1.70 0.24 -1.22 0 956 413 3 170 0.10 -0.08 -1.03 -11.41 12.20 8.85
60 2824 1067 4 2 0.03 0.02 -1.01 -1.70 0.24 -1.22 0 1340 413 4 141 0.12 -0.17 -1.06 3.72 -6.83 1.15
60 2824 1067 4 2 0.03 0.02 -1.01 -1.70 0.24 -1.22 0 1663 412 3 62 0.04 -0.09 -1.07 5.85 13.30 -6.04
60 2824 1067 4 2 0.03 0.02 -1.01 -1.70 0.24 -1.22 136 2028 413 4 62 0.08 -0.10 -1.03 1.58 -1.09 -19.83
60 2824 1067 4 2 0.03 0.02 -1.01 -1.70 0.24 -1.22 345 1933 413 5 5 0.16 -0.10 -1.05 14.34 -28.38 -7.26
60 2824 1067 4 2 0.03 0.02 -1.01 -1.70 0.24 -1.22 139 1929 412 5 4 0.02 -0.03 -1.01 -7.26 19.22 0.97
60 2824 1067 4 2 0.03 0.02 -1.01 -1.70 0.24 -1.22 154 2472 731 4 5 0.09 -0.07 -1.01 -5.06 12.63 11.35
60 2824 1067 4 2 0.03 0.02 -1.01 -1.70 0.24 -1.22 279 2824 973 8 5 0.04 -0.15 -1.03 5.92 6.65 2.38
60 2824 1067 4 2 0.03 0.02 -1.01 -1.70 0.24 -1.22 189 2684 589 5 0 0.09 -0.10 -0.98 -4.76 2.31 -7.62
60 2824 1067 4 2 0.03 0.02 -1.01 -1.70 0.24 -1.22 200 2328 551 4 4 0.08 -0.16 -1.05 -13.67 3.41 -6.65
60 2824 1067 4 2 0.03 0.02 -1.01 -1.70 0.24 -1.22 269 2094 412 7 4 0.14 -0.05 -0.72 -15.62 -5.43 6.95
60 2824 1067 4 2 0.03 0.02 -1.01 -1.70 0.24 -1.22 473 1673 412 4 2 0.11 -0.22 -1.30 13.36 -7.08 -6.95
60 2824 1067 4 2 0.03 0.02 -1.01 -1.70 0.24 -1.22 679 1722 413 4 4 0.08 -0.03 -0.85 -6.71 27.03 -7.38
60 2824 1067 4 2 0.03 0.02 -1.01 -1.70 0.24 -1.22 650 1752 412 3 3 0.26 0.10 -0.69 -1.70 -5.79 31.00
60 2824 1067 4 2 0.03 0.02 -1.01 -1.70 0.24 -1.22 249 1696 411 3 4 0.21 -0.30 -1.46 -20.75 -0.73 22.46
60 2824 1067 4 2 0.03 0.02 -1.01 -1.70 0.24 -1.22 120 1693 411 3 2 -0.08 0.00 -0.67 -12.51 1.58 7.99
60 2824 1067 4 2 0.03 0.02 -1.01 -1.70 0.24 -1.22 187 1704 411 4 2 0.03 -0.25 -1.02 13.61 5.98 -8.60
60 2824 1067 4 2 0.03 0.02 -1.01 -1.70 0.24 -1.22 510 1631 411 5 5 0.11 -0.04 -1.15 6.59 0.42 -4.51
60 2824 1067 4 2 0.03 0.02 -1.01 -1.70 0.24 -1.22 125 1642 411 3 3 0.13 -0.03 -0.96 -9.94 15.68 9.52
60 2824 1067 4 2 0.03 0.02 -1.01 -1.70 0.24 -1.22 152 1688 412 3 38 0.04 -0.24 -0.71 16.29 -12.69 4.08
60 2824 1067 4 2 0.03 0.02 -1.01 -1.70 0.24 -1.22 208 1773 412 5 55 0.20 0.01 -1.21 2.25 -3.23 9.46
60 2824 1067 4 2 0.03 0.02 -1.01 -1.70 0.24 -1.22 411 1496 411 3 54 0.01 -0.21 -0.77 -3.11 4.69 1.09
60 2824 1067 4 2 0.03 0.02 -1.01 -1.70 0.24 -1.22 412 1655 490 4 2 0.05 -0.21 -1.04 0.61 2.68 -3.35
60 2824 1067 4 2 0.03 0.02 -1.01 -1.70 0.24 -1.22 0 1646 412 5 3 -0.04 -0.05 -1.05 5.43 10.00 7.38
60 2824 1067 4 2 0.03 0.02 -1.01 -1.70 0.24 -1.22 0 1024 411 3 3 0.05 -0.16 -0.88 3.11 2.01 -8.42
60 2824 1067 4 2 0.03 0.02 -1.01 -1.70 0.24 -1.22 0 362 411 0 3 0.01 -0.22 -1.16 28.50 -13.00 -25.39
60 2824 1067 4 2 0.03 0.02 -1.01 -1.70 0.24 -1.22 57 123 412 2 2 0.01 -0.08 -0.83 8.36 5.98 -36.74
60 2824 1067 4 2 0.03 0.02 -1.01 -1.70 0.24 -1.22 0 3 412 2 1 -0.07 -0.23 -0.84 7.38 -20.26 10.25
60 2824 1067 4 2 0.03 0.02 -1.01 -1.70 0.24 -1.22 0 89 413 0 5 0.28 -0.07 -1.38 29.72 -18.55 7.75
60 2824 1067 4 2 0.03 0.02 -1.01 -1.70 0.24 -1.22 216 109 412 2 4 0.10 0.05 -1.05 -2.50 9.88 -15.44
60 2824 1067 4 2 0.03 0.02 -1.01 -1.70 0.24 -1.22 169 95 410 1 3 0.03 -0.04 -0.63 3.66 -1.64 -3.84
60 2824 1067 4 2 0.03 0.02 -1.01 -1.70 0.24 -1.22 156 57 413 2 4 0.16 -0.04 -1.25 1.70 3.66 2.44
60 2824 1067 4 2 0.03 0.02 -1.01 -1.70 0.24 -1.22 139 4 412 2 5 0.09 -0.06 -0.87 -0.85 8.60 1.70
60 2824 1067 4 2 0.03 0.02 -1.01 -1.70 0.24 -1.22 380 3 411 4 4 0.07 -0.10 -0.92 11.47 -14.28 1.40
60 2824 1067 4 2 0.03 0.02 -1.01 -1.70 0.24 -1.22 400 122 413 1 5 0.23 0.01 -1.05 -14.52 9.21 -1.64
60 2824 1067 4 2 0.03 0.02 -1.01 -1.70 0.24 -1.22 440 138 411 1 2 0.09 -0.02 -0.96 18.49 -11.47 5.00
60 2824 1067 4 2 0.03 0.02 -1.01 -1.70 0.24 -1.22 521 198 411 2 4 0.10 -0.12 -1.08 -4.76 13.48 -1.40
60 2824 1067 4 2 0.03 0.02 -1.01 -1.70 0.24 -1.22 552 208 412 0 2 0.10 -0.07 -1.01 5.98 -7.20 -0.24
60 2824 1067 4 2 0.03 0.02 -1.01 -1.70 0.24 -1.22 187 143 412 3 0 0.09 -0.11 -0.89 -26.18 -14.40 -8.05
60 2824 1067 4 2 0.03 0.02 -1.01 -1.70 0.24 -1.22 185 136 413 0 1 0.15 -0.10 -1.03 2.68 5.55 0.67 E